0 100.0
1 97.81476007338057
2 91.35454576426008
3 80.90169943749474
4 66.91306063588583
5 50.000000000000014
6 30.901699437494745
7 10.452846326765346
8 -10.452846326765334
9 -30.901699437494734
10 -49.99999999999998
11 -66.91306063588578
12 -80.90169943749473
13 -91.3545457642601
14 -97.81476007338057
15 -100.0
16 -97.81476007338057
17 -91.35454576426008
18 -80.90169943749474
19 -66.91306063588584
20 -50.00000000000004
21 -30.901699437494756
22 -10.452846326765423
23 10.452846326765298
24 30.901699437494724
25 50.000000000000014
26 66.91306063588584
27 80.90169943749473
28 91.3545457642601
29 97.81476007338057
30 100.0
31 97.81476007338058
32 91.35454576426011
33 80.90169943749476
34 66.91306063588583
35 50.00000000000006
36 30.901699437494774
37 10.452846326765346
38 -10.452846326765288
39 -30.901699437494713
40 -49.99999999999992
41 -66.91306063588571
42 -80.90169943749473
43 -91.35454576426005
44 -97.81476007338054
45 -100.0
46 -97.81476007338058
47 -91.35454576426008
48 -80.90169943749477
49 -66.91306063588588
50 -49.999999999999986
51 -30.901699437494784
52 -10.452846326765272
53 10.452846326765362
54 30.9016994374947
55 50.000000000000064
56 66.91306063588584
57 80.90169943749471
58 91.35454576426012
59 97.81476007338057
60 100.0
61 97.8147600733806
62 91.35454576426017
63 80.90169943749478
64 66.9130606358859
65 50.00000000000014
66 30.901699437494795
67 10.45284632676546
68 -10.452846326765352
69 -30.90169943749469
70 -49.9999999999999
71 -66.91306063588583
72 -80.90169943749471
73 -91.35454576426004
74 -97.81476007338057
75 -100.0
76 -97.8147600733806
77 -91.35454576426017
78 -80.90169943749478
79 -66.91306063588578
80 -50.000000000000156
81 -30.901699437494806
82 -10.45284632676565
83 10.452846326765515
84 30.901699437494678
85 50.00000000000004
86 66.91306063588569
87 80.9016994374947
88 91.35454576425997
89 97.8147600733806
90 100.0
91 97.81476007338055
92 91.35454576426017
93 80.90169943749478
94 66.91306063588578
95 49.99999999999986
96 30.901699437494816
97 10.452846326765663
98 -10.45284632676515
99 -30.901699437494667
100 -50.000000000000036
101 -66.91306063588567
102 -80.90169943749468
103 -91.35454576425997
104 -97.8147600733806
105 -100.0
106 -97.81476007338055
107 -91.35454576426018
108 -80.90169943749478
109 -66.91306063588607
110 -49.99999999999987
111 -30.901699437494827
112 -10.452846326765322
113 10.452846326765137
114 30.901699437494656
115 50.00000000000002
116 66.91306063588593
117 80.90169943749468
118 91.3545457642601
119 97.81476007338053
120 100.0
121 97.81476007338055
122 91.35454576426018
123 80.9016994374948
124 66.91306063588607
125 50.00000000000019
126 30.90169943749484
127 10.452846326765332
128 -10.452846326765124
129 -30.90169943749464
130 -49.99999999999971
131 -66.91306063588591
132 -80.90169943749468
133 -91.3545457642601
134 -97.81476007338051
135 -100.0
136 -97.81476007338055
137 -91.35454576426004
138 -80.90169943749481
139 -66.91306063588581
140 -50.0000000000002
141 -30.90169943749485
142 -10.452846326765345
143 10.452846326765467
144 30.901699437494628
145 49.999999999999694
146 66.91306063588564
147 80.90169943749467
148 91.35454576426008
149 97.81476007338051
150 100.0
151 97.81476007338064
152 91.35454576426018
153 80.90169943749461
154 66.9130606358861
155 50.00000000000021
156 30.901699437494862
157 10.452846326765357
158 -10.452846326765455
159 -30.901699437494955
160 -49.99999999999968
161 -66.91306063588563
162 -80.90169943749467
163 -91.35454576426008
164 -97.81476007338044
165 -100.0
166 -97.8147600733805
167 -91.35454576425991
168 -80.90169943749483
169 -66.91306063588584
170 -49.999999999999915
171 -30.90169943749521
172 -10.452846326765721
173 10.452846326765089
174 30.901699437494607
175 49.99999999999936
176 66.91306063588536
177 80.90169943749487
178 91.35454576426022
179 97.81476007338051
180 100.0
181 97.81476007338057
182 91.35454576426005
183 80.90169943749504
184 66.91306063588611
185 50.000000000000234
186 30.90169943749489
187 10.452846326765382
188 -10.45284632676543
189 -30.901699437494933
190 -50.00000000000028
191 -66.91306063588561
192 -80.90169943749466
193 -91.35454576426008
194 -97.81476007338044
195 -100.0
196 -97.81476007338064
197 -91.3545457642602
198 -80.90169943749484
199 -66.91306063588586
