0 100.0
1 96.66666666666667
2 93.33333333333333
3 90.0
4 86.66666666666667
5 83.33333333333334
6 80.0
7 76.66666666666667
8 73.33333333333333
9 70.0
10 66.66666666666667
11 63.333333333333336
12 60.0
13 56.666666666666664
14 53.333333333333336
15 50.0
16 46.666666666666664
17 43.333333333333336
18 40.0
19 36.66666666666667
20 33.33333333333334
21 30.0
22 26.66666666666667
23 23.33333333333333
24 20.0
25 16.666666666666657
26 13.333333333333329
27 10.0
28 6.666666666666671
29 3.3333333333333286
30 100.0
31 96.66666666666667
32 93.33333333333333
33 90.0
34 86.66666666666667
35 83.33333333333334
36 80.0
37 76.66666666666667
38 73.33333333333333
39 70.0
40 66.66666666666667
41 63.333333333333336
42 60.0
43 56.666666666666664
44 53.333333333333336
45 50.0
46 46.666666666666664
47 43.333333333333336
48 40.0
49 36.66666666666667
50 33.33333333333334
51 30.0
52 26.66666666666667
53 23.33333333333333
54 20.0
55 16.666666666666657
56 13.333333333333329
57 10.0
58 6.666666666666671
59 3.3333333333333286
60 100.0
61 96.66666666666667
62 93.33333333333333
63 90.0
64 86.66666666666667
65 83.33333333333334
66 80.0
67 76.66666666666667
68 73.33333333333333
69 70.0
70 66.66666666666667
71 63.333333333333336
72 60.0
73 56.666666666666664
74 53.333333333333336
75 50.0
76 46.666666666666664
77 43.333333333333336
78 40.0
79 36.66666666666667
80 33.33333333333334
81 30.0
82 26.66666666666667
83 23.33333333333333
84 20.0
85 16.666666666666657
86 13.333333333333329
87 10.0
88 6.666666666666671
89 3.3333333333333286
90 100.0
91 96.66666666666667
92 93.33333333333333
93 90.0
94 86.66666666666667
95 83.33333333333334
96 80.0
97 76.66666666666667
98 73.33333333333333
99 70.0
100 66.66666666666667
101 63.333333333333336
102 60.0
103 56.666666666666664
104 53.333333333333336
105 50.0
106 46.666666666666664
107 43.333333333333336
108 40.0
109 36.66666666666667
110 33.33333333333334
111 30.0
112 26.66666666666667
113 23.33333333333333
114 20.0
115 16.666666666666657
116 13.333333333333329
117 10.0
118 6.666666666666671
119 3.3333333333333286
120 100.0
121 96.66666666666667
122 93.33333333333333
123 90.0
124 86.66666666666667
125 83.33333333333334
126 80.0
127 76.66666666666667
128 73.33333333333333
129 70.0
130 66.66666666666667
131 63.333333333333336
132 60.0
133 56.666666666666664
134 53.333333333333336
135 50.0
136 46.666666666666664
137 43.333333333333336
138 40.0
139 36.66666666666667
140 33.33333333333334
141 30.0
142 26.66666666666667
143 23.33333333333333
144 20.0
145 16.666666666666657
146 13.333333333333329
147 10.0
148 6.666666666666671
149 3.3333333333333286
150 100.0
151 96.66666666666667
152 93.33333333333333
153 90.0
154 86.66666666666667
155 83.33333333333334
156 80.0
157 76.66666666666667
158 73.33333333333333
159 70.0
160 66.66666666666667
161 63.333333333333336
162 60.0
163 56.666666666666664
164 53.333333333333336
165 50.0
166 46.666666666666664
167 43.333333333333336
168 40.0
169 36.66666666666667
170 33.33333333333334
171 30.0
172 26.66666666666667
173 23.33333333333333
174 20.0
175 16.666666666666657
176 13.333333333333329
177 10.0
178 6.666666666666671
179 3.3333333333333286
180 100.0
181 96.66666666666667
182 93.33333333333333
183 90.0
184 86.66666666666667
185 83.33333333333334
186 80.0
187 76.66666666666667
188 73.33333333333333
189 70.0
190 66.66666666666667
191 63.333333333333336
192 60.0
193 56.666666666666664
194 53.333333333333336
195 50.0
196 46.666666666666664
197 43.333333333333336
198 40.0
199 36.66666666666667
