0 4.865796654485166E-11
1 4.817971780506923
2 18.602702239423706
3 40.34445659004086
4 69.0268921917691
5 103.62873195385282
6 143.1254406802973
7 186.49090202581374
8 232.69909374418785
9 280.72575890214557
10 329.55007074799096
11 378.15628893971234
12 425.5354048336367
13 470.68677357395063
14 512.6197307262855
15 550.3551912240996
16 582.9272284332815
17 609.3846311500047
18 628.7924363945535
19 640.2334358859275
20 642.8096541266273
21 635.6437960584433
22 617.8806622986835
23 588.6885300058595
24 547.2604974706578
25 492.8157905789287
26 424.60102934455927
27 341.8914527620125
28 243.99210028523453
29 130.23894829756864
30 4160.528860587026
31 4272.386511263332
32 4372.157124338184
33 4459.046932177331
34 4532.292776570817
35 4591.163212642134
36 4634.959563089669
37 4663.016921384855
38 4674.705102623136
39 4669.429540791507
40 4646.632131287439
41 4605.79201760599
42 4546.426321177192
43 4468.0908134155015
44 4370.380529125879
45 4252.930320478708
46 4115.4153508583495
47 3957.55152795784
48 3779.095875581833
49 3579.8468436990333
50 3359.644556365708
51 3118.370997228889
52 2855.9501323946565
53 2572.3479705385153
54 2267.572560208722
55 1941.6739243643212
56 1594.7439322713685
57 1226.916108961619
58 838.3653825380545
59 429.3077697100977
60 13180.115362392498
61 13028.566704475881
62 12853.93490643347
63 12656.302666414034
64 12435.795038989849
65 12192.579051003098
66 11926.863256460823
67 11638.89723121196
68 11328.97100819032
69 10997.414454114843
70 10644.59658859221
71 10270.924846659977
72 9876.844285867028
73 9462.836739067687
74 9029.419914182832
75 8577.146442236988
76 8106.602875055043
77 7618.408634075059
78 7113.2149117820845
79 6591.703527337732
80 6054.585738047904
81 5502.6010083537185
82 4936.515738091868
83 4357.121951832611
84 3765.235951137115
85 3161.6969316457266
86 2547.3655669295113
87 1923.122561107591
88 1289.86717224905
89 648.5157086380209
90 19553.50951515178
91 18987.290470945154
92 18406.199798226407
93 17811.12784731964
94 17202.98382694794
95 16582.694251671295
96 15951.201367815034
97 15309.461560099726
98 14658.443741219387
99 13999.127726623534
100 13332.50259678429
101 12659.565049234487
102 11981.317742686573
103 11298.767635535474
104 10612.924321069442
105 9924.798361700421
106 9235.39962453601
107 8545.735620604915
108 7856.809850046262
109 7169.620155555405
110 6485.157086378791
111 5804.402275120887
112 5128.326829621008
113 4457.889742127597
114 3794.036317975021
115 3137.6966259478145
116 2489.78397247577
117 1851.1934017847732
118 1222.800224078751
119 605.4585738045696
120 17977.373256375125
121 17190.269370140293
122 16408.880134931384
123 15634.162687605924
124 14867.053833210646
125 14108.468615911333
126 13359.298925743109
127 12620.412143052787
128 11892.649822448924
129 11176.826418022109
130 10473.728051538175
131 9784.11132525553
132 9108.702180948017
133 8448.194806659913
134 7803.250592641833
135 7174.49713787908
136 6562.5273085111185
137 5967.898349415342
138 5391.131050127816
139 4832.708966210413
140 4293.077697104141
141 3772.6442214205836
142 3271.776290564165
143 2790.8018814758975
144 2330.0087092380727
145 1889.6438001742908
146 1469.9131260225286
147 1070.981299648205
148 692.9713327177544
149 335.9644556363686
150 9763.218664633292
151 9132.815032656737
152 8523.957137140518
153 7936.872462370125
154 7371.745888830205
155 6828.719576759164
156 6307.892913057435
157 5809.322521504638
158 5333.022336175631
159 4878.9637378519865
160 4447.075753134952
161 4037.2453159028073
162 3649.3175906492793
163 3283.096357189067
164 2938.3444560914863
165 2614.7842941756303
166 2312.0984092774947
167 2029.9300934425974
168 1767.8840736259149
169 1525.52724888174
170 1302.3894829785404
171 1097.9644512833834
172 911.710540698869
173 743.0518013532035
174 591.3789486946148
175 456.05041455901664
176 336.3934457179464
177 231.70524836220443
178 141.25417690185668
179 64.28096541304149
180 1746.0911887799716
181 1519.5817212866964
182 1312.5207440153595
183 1124.2167976926658
184 953.9489981218871
185 800.9683292600312
186 664.4989744581744
187 543.739683954369
188 437.86517666747886
189 346.0275742861536
190 267.357865621419
191 200.96739914325644
192 145.9494015855712
193 101.38052048190048
194 66.32238845048687
195 39.82320703362984
196 20.91934786152342
197 8.63696889655148
198 1.9936434952237505
199 -5.197762220632285E-10
