0 5137.87505580591
1 -2592.7387292157528
2 3.841922251941637
3 -5.8817469786711705
4 -22.151923873828704
5 -125.58319692473954
6 965.4400088673923
7 -1190.8761358592494
8 340.1199785763875
9 30.616823483974127
10 4.051873119425118
11 -15.487259884065962
12 -201.1521884585817
13 706.3542709301156
14 -567.4076148976475
15 74.24445243298825
16 13.884188627037853
17 5.157489132230028
18 2.65020944213614
19 -78.23705147972377
20 166.45311161248944
21 -87.42147656391407
22 -0.08367954099414285
23 -1.2523995561516623
24 -4.23604196209903
25 -23.825897301401916
26 181.4527678257289
27 -221.70892516394738
28 62.3575047076541
29 4.966854617713943
30 -0.7923152350653024
31 -7.941316084599691
32 -89.0933059129307
33 309.0626425034883
34 -247.41318219375026
35 32.0910791502486
36 5.9452285219602
37 2.2236142944104356
38 1.2600233013274458
39 -81.20952555815975
40 166.08730347321716
41 -85.2675519135573
42 0.1592537726188606
43 -0.3705213064873611
44 -1.4224925995340325
45 -7.949424163063126
46 58.96362154192628
47 -70.30799539508803
48 19.011704284415114
49 1.095939439140438
50 -1.172231651893649
51 -5.426247102422093
52 -57.54361110111574
53 198.02001229717592
54 -157.82290595629527
55 20.339207458949108
56 3.7536837577811895
57 1.4271569327539881
58 0.8954481231994292
59 -82.24259105051269
60 166.02147950464965
61 -84.38002752406959
62 0.32564618364468073
63 0.08229665911185738
64 -0.07105637276315893
65 -0.4681621739132155
66 1.4575755080894754
67 0.8210413320029492
68 -1.319497729940387
69 -0.6822619362310355
70 -1.2707760543480207
71 -3.9982558376609276
72 -40.24605102993816
73 137.26425585465833
74 -108.77379146408715
75 13.919139153344352
76 2.5647719033009064
77 1.0014536091157253
78 0.7068269248564625
79 -82.85610839595638
80 166.001147771662
81 -83.81135784773664
82 0.45354978179198124
83 0.40336020860607946
84 0.8630533676858388
85 4.658335745760991
86 -37.87256918218652
87 49.48828528110383
88 -15.215873412564447
89 -1.8806221539516363
90 -1.3019842921473395
91 -2.9106780688416207
92 -27.3081839492967
93 91.87407097959017
94 -72.11537208911363
95 9.127985604716002
96 1.6822368636809235
97 0.6893835479319027
98 0.5726178866173447
99 -83.33933440539681
100 165.99606550145077
101 -83.3393344054094
102 0.5726178866065814
103 0.6893835479272358
104 1.6822368636889786
105 9.127985604718457
106 -72.11537208911376
107 91.87407097960443
108 -27.308183949306535
109 -2.910678068855431
110 -1.3019842921660745
111 -1.8806221539261987
112 -15.215873412573552
113 49.48828528112554
114 -37.87256918216726
115 4.658335745755236
116 0.8630533676676837
117 0.4033602086267215
118 0.4535497817684355
119 -83.8113578477173
120 166.00114777166505
121 -82.85610839596336
122 0.7068269248399887
123 1.0014536091080621
124 2.5647719032748326
125 13.919139153348196
126 -108.77379146411636
127 137.26425585468826
128 -40.246051029962366
129 -3.9982558376467563
130 -1.2707760543439535
131 -0.6822619362347739
132 -1.3194977299342905
133 0.821041331975955
134 1.4575755081197845
135 -0.4681621739126043
136 -0.07105637276621325
137 0.08229665913804185
138 0.32564618361983166
139 -84.38002752406659
140 166.02147950464752
141 -82.24259105051537
142 0.8954481232392187
143 1.427156932734421
144 3.753683757798958
145 20.339207458948483
146 -157.82290595630343
147 198.02001229717607
148 -57.5436111011132
149 -5.426247102402525
150 -1.1722316519067097
151 1.0959394391510298
152 19.01170428441507
153 -70.30799539509334
154 58.96362154193813
155 -7.949424163066355
156 -1.4224925995889728
157 -0.3705213064690779
158 0.1592537725987498
159 -85.26755191355834
160 166.08730347322827
161 -81.2095255581689
162 1.2600233013466384
163 2.2236142944058894
164 5.945228521961609
165 32.09107915023656
166 -247.41318219375003
167 309.0626425034767
168 -89.0933059129248
169 -7.941316084602384
170 -0.7923152350602548
171 4.966854617723226
172 62.35750470765366
173 -221.70892516394127
174 181.45276782576073
175 -23.825897301410073
176 -4.236041962082469
177 -1.2523995561297614
178 -0.08367954100606018
179 -87.42147656391276
180 166.45311161245965
181 -78.23705147973119
182 2.6502094421016693
183 5.1574891322467575
184 13.884188627048513
185 74.24445243298156
186 -567.4076148976536
187 706.354270930131
188 -201.15218845859275
189 -15.487259884083837
190 4.051873119411662
191 30.61682348396365
192 340.1199785763894
193 -1190.8761358592753
194 965.4400088674204
195 -125.58319692473792
196 -22.151923873827265
197 -5.881746978670258
198 3.8419222519495295
199 -2592.7387292157227
