0 0.0
1 -41.49920902844685
2 -1.8539924759378272
3 -4.974452395458639
4 -15.083977190136062
5 -86.27208632155721
6 686.4661310250154
7 -874.0133582013267
8 259.63882355966507
9 26.985781201043928
10 10.366756285141124
11 10.805944960763517
12 72.69608226408339
13 -232.096257609151
14 178.7135693795417
15 -21.47051423454962
16 -3.638909307823555
17 -1.4187646470613708
18 -1.3588236636566369
19 258.0677375681817
20 -510.71599787422207
21 255.2674786556775
22 -1.7568647879737735
23 -2.273301788979624
24 -5.746048225455726
25 -31.233829456178324
26 244.34490209694772
27 -308.263867205883
28 90.42954996436308
29 9.010429753350886
30 2.8698928022211683
31 1.4987706280290127
32 2.47519146023473
33 -1.2872857790655274
34 -2.414390617329149
35 0.9128921394278304
36 0.2296785863658473
37 -0.013743130614360367
38 -0.359108819655272
39 116.22957893320283
40 -228.40537186344133
41 113.332768164542
42 -1.0245530597262522
43 -1.5715372314119929
44 -4.143731246284298
45 -22.55805359377293
46 175.3159982850578
47 -219.88091124904483
48 63.9629420347579
49 6.105620270228015
50 1.4482060474567482
51 -0.7981097696783579
52 -17.002387405011504
53 63.39094043090534
54 -53.0183044211554
55 7.227791872857428
56 1.356057193697408
57 0.424412910536664
58 -0.007988202164939779
59 62.04580947270557
60 -120.5675747075472
61 59.13113850401289
62 -0.7214679755553968
63 -1.2551857293570825
64 -3.3969944402640886
65 -18.48677986071848
66 142.89273087042488
67 -178.37588339693633
68 51.5237405474036
69 4.722899587815891
70 0.7360374757161852
71 -2.024798466955613
72 -27.64550864281004
73 98.80191377974884
74 -80.70623300066912
75 10.691263195910388
76 1.979692435588367
77 0.6731174654020928
78 0.20110859549343804
79 28.55604555630131
80 -53.919540227808454
81 25.63582822898239
82 -0.5272028040362542
83 -1.0438218380190765
84 -2.88899799641969
85 -15.703811804142635
86 120.71051549411062
87 -149.98597593719518
88 43.00974992942755
89 3.768255788890513
90 0.22861188125529117
91 -2.9301699104841687
92 -35.592122299629764
93 125.2665237407111
94 -101.392530783184
95 13.282136538450331
96 2.4487390408690914
97 0.8631262869066305
98 0.36600920020484135
99 1.4608029604993318
100 -6.192001745560916E-12
101 -1.4608029605197652
102 -0.36600920021919703
103 -0.8631262869114713
104 -2.448739040883386
105 -13.28213653843292
106 101.39253078316109
107 -125.26652374071506
108 35.592122299635285
109 2.9301699104891905
110 -0.22861188125195983
111 -3.7682557889127954
112 -43.00974992941266
113 149.9859759372088
114 -120.71051549411101
115 15.7038118041202
116 2.8889979964268764
117 1.0438218380253865
118 0.527202804031644
119 -25.635828229007114
120 53.919540227855165
121 -28.55604555632692
122 -0.20110859549577667
123 -0.6731174653662095
124 -1.9796924356103427
125 -10.691263195896578
126 80.70623300069704
127 -98.80191377975139
128 27.645508642804415
129 2.0247984669525727
130 -0.7360374757116853
131 -4.722899587837035
132 -51.52374054739662
133 178.37588339695216
134 -142.89273087043156
135 18.486779860708285
136 3.396994440260768
137 1.255185729363205
138 0.7214679755666024
139 -59.13113850401052
140 120.56757470755306
141 -62.045809472706644
142 0.007988202164376602
143 -0.42441291053958713
144 -1.3560571936821022
145 -7.2277918728584645
146 53.018304421138446
147 -63.39094043088616
148 17.00238740502215
149 0.7981097696669407
150 -1.4482060474270653
151 -6.1056202702285125
152 -63.96294203477588
153 219.8809112490169
154 -175.31599828505026
155 22.558053593809102
156 4.143731246244554
157 1.5715372314313816
158 1.0245530597246952
159 -113.3327681645262
160 228.40537186346242
161 -116.2295789331713
162 0.35910881961869767
163 0.01374313066219664
164 -0.22967858637188343
165 -0.912892139428537
166 2.4143906173113243
167 1.287285779083498
168 -2.4751914602211516
169 -1.4987706280349933
170 -2.869892802244478
171 -9.010429753354787
172 -90.42954996434443
173 308.26386720588977
174 -244.3449020969643
175 31.233829456215023
176 5.746048225475004
177 2.2733017889757243
178 1.7568647879934804
179 -255.26747865566875
180 510.7159978742222
181 -258.06773756820814
182 1.3588236636665996
183 1.4187646470550381
184 3.638909307837385
185 21.470514234561307
186 -178.71356937957574
187 232.09625760919766
188 -72.69608226412466
189 -10.805944960738454
190 -10.366756285125133
191 -26.985781201036083
192 -259.63882355966444
193 874.0133582012842
194 -686.4661310250167
195 86.27208632155173
196 15.083977190143983
197 4.974452395451059
198 1.8539924759238469
199 41.49920902837061
