0 0.0
1 20.79116908177593
2 40.67366430758001
3 58.778525229247315
4 74.31448254773943
5 86.60254037844386
6 95.10565162951535
7 99.45218953682733
8 99.45218953682733
9 95.10565162951536
10 86.60254037844388
11 74.31448254773944
12 58.77852522924732
13 40.673664307580005
14 20.79116908177593
15 5.6655388976479795E-14
16 -20.791169081775905
17 -40.67366430758002
18 -58.7785252292473
19 -74.3144825477394
20 -86.60254037844385
21 -95.10565162951535
22 -99.45218953682733
23 -99.45218953682733
24 -95.10565162951536
25 -86.60254037844386
26 -74.3144825477394
27 -58.778525229247336
28 -40.67366430758001
29 -20.791169081775898
30 -1.1331077795295959E-13
31 20.791169081775852
32 40.67366430757997
33 58.77852522924729
34 74.31448254773943
35 86.60254037844383
36 95.10565162951535
37 99.45218953682733
38 99.45218953682733
39 95.10565162951536
40 86.60254037844392
41 74.31448254773953
42 58.778525229247336
43 40.673664307580104
44 20.791169081776083
45 3.6739403974420595E-14
46 -20.79116908177584
47 -40.67366430758004
48 -58.77852522924728
49 -74.31448254773936
50 -86.60254037844388
51 -95.10565162951534
52 -99.45218953682733
53 -99.45218953682733
54 -95.10565162951538
55 -86.60254037844382
56 -74.31448254773942
57 -58.77852522924735
58 -40.673664307579955
59 -20.791169081775923
60 -2.2662155590591918E-13
61 20.791169081775827
62 40.67366430757986
63 58.77852522924727
64 74.31448254773935
65 86.60254037844378
66 95.10565162951534
67 99.45218953682732
68 99.45218953682733
69 95.10565162951538
70 86.60254037844393
71 74.31448254773943
72 58.77852522924736
73 40.67366430758013
74 20.791169081775934
75 6.123233995736766E-14
76 -20.791169081775816
77 -40.673664307579855
78 -58.77852522924726
79 -74.31448254773946
80 -86.60254037844378
81 -95.10565162951534
82 -99.4521895368273
83 -99.45218953682732
84 -95.10565162951538
85 -86.60254037844383
86 -74.31448254773954
87 -58.77852522924737
88 -40.6736643075803
89 -20.791169081775774
90 -7.347880794884119E-14
91 20.791169081775976
92 40.67366430757984
93 58.77852522924725
94 74.31448254773944
95 86.60254037844395
96 95.10565162951534
97 99.45218953682729
98 99.45218953682735
99 95.10565162951539
100 86.60254037844385
101 74.31448254773956
102 58.77852522924738
103 40.67366430758032
104 20.791169081775784
105 8.572527594031472E-14
106 -20.791169081775966
107 -40.673664307579834
108 -58.77852522924725
109 -74.3144825477392
110 -86.60254037844393
111 -95.10565162951534
112 -99.45218953682733
113 -99.45218953682735
114 -95.10565162951539
115 -86.60254037844385
116 -74.31448254773933
117 -58.77852522924739
118 -40.67366430758
119 -20.791169081776147
120 -4.5324311181183836E-13
121 20.791169081775955
122 40.67366430757982
123 58.778525229247236
124 74.3144825477392
125 86.60254037844375
126 95.10565162951532
127 99.45218953682733
128 99.45218953682736
129 95.10565162951539
130 86.60254037844403
131 74.31448254773933
132 58.7785252292474
133 40.67366430758001
134 20.791169081776157
135 1.1021821192326178E-13
136 -20.79116908177594
137 -40.67366430758014
138 -58.77852522924722
139 -74.31448254773943
140 -86.60254037844375
141 -95.10565162951532
142 -99.45218953682733
143 -99.45218953682732
144 -95.10565162951539
145 -86.60254037844403
146 -74.31448254773957
147 -58.778525229247414
148 -40.67366430758002
149 -20.791169081776168
150 -1.2246467991473532E-13
151 20.791169081775582
152 40.6736643075798
153 58.7785252292475
154 74.31448254773917
155 86.60254037844373
156 95.10565162951532
157 99.45218953682733
158 99.45218953682732
159 95.1056516295153
160 86.60254037844405
161 74.31448254773959
162 58.77852522924742
163 40.67366430758003
164 20.791169081776527
165 4.89982515786259E-13
166 -20.791169081776264
167 -40.67366430758044
168 -58.7785252292472
169 -74.31448254773942
170 -86.60254037844392
171 -95.10565162951521
172 -99.45218953682729
173 -99.45218953682736
174 -95.10565162951539
175 -86.60254037844423
176 -74.31448254773983
177 -58.77852522924714
178 -40.67366430757972
179 -20.791169081776193
180 -1.4695761589768238E-13
181 20.791169081775905
182 40.673664307580104
183 58.7785252292469
184 74.31448254773916
185 86.60254037844372
186 95.10565162951531
187 99.45218953682733
188 99.45218953682733
189 95.1056516295153
190 86.6025403784437
191 74.3144825477396
192 58.778525229247435
193 40.673664307580054
194 20.79116908177655
195 5.14475451769206E-13
196 -20.791169081775546
197 -40.67366430757976
198 -58.77852522924718
199 -74.31448254773939
