0 0.0
1 9635.073482034306
2 16886.5585100403
3 19960.534568565432
4 18096.54104932039
5 11755.705045849465
6 2506.6646712860907
7 -7362.491053693559
8 -15410.264855515787
9 -19645.745014573775
10 -19021.130325903072
11 -13690.94211857378
12 -4973.797743297107
13 4973.797743297097
14 13690.942118573772
15 19021.130325903065
16 19645.74501457377
17 15410.264855515772
18 7362.4910536935595
19 -2506.6646712860634
20 -11755.705045849456
21 -18096.541049320393
22 -19960.534568565432
23 -16886.558510040322
24 -9635.073482034326
25 -9.797174393178826E-12
26 9635.07348203431
27 16886.558510040293
28 19960.534568565432
29 18096.541049320385
30 11755.7050458495
31 2506.664671286118
32 -7362.491053693574
33 -15410.264855515803
34 -19645.745014573782
35 -19021.130325903076
36 -13690.942118573774
37 -4973.797743297082
38 4973.797743297054
39 13690.942118573752
40 19021.130325903065
41 19645.74501457379
42 15410.264855515776
43 7362.491053693601
44 -2506.6646712860534
45 -11755.705045849449
46 -18096.54104932036
47 -19960.534568565432
48 -16886.558510040326
49 -9635.073482034335
50 -1.9594348786357653E-11
51 9635.0734820343
52 16886.558510040308
53 19960.534568565432
54 18096.541049320404
55 11755.705045849481
56 2506.6646712860925
57 -7362.4910536934985
58 -15410.264855515796
59 -19645.745014573764
60 -19021.1303259031
61 -13690.942118573781
62 -4973.797743297161
63 4973.797743297113
64 13690.942118573797
65 19021.130325903065
66 19645.745014573764
67 15410.264855515783
68 7362.4910536934785
69 -2506.6646712861148
70 -11755.705045849441
71 -18096.541049320414
72 -19960.534568565432
73 -16886.558510040333
74 -9635.07348203428
75 -2.939152317953648E-11
76 9635.07348203423
77 16886.5585100403
78 19960.53456856543
79 18096.54104932038
80 11755.705045849487
81 2506.664671286173
82 -7362.491053693424
83 -15410.264855515836
84 -19645.74501457378
85 -19021.130325903083
86 -13690.94211857384
87 -4973.797743297239
88 4973.797743297035
89 13690.94211857379
90 19021.13032590306
91 19645.74501457379
92 15410.264855515881
93 7362.4910536936195
94 -2506.6646712861047
95 -11755.705045849432
96 -18096.541049320353
97 -19960.534568565432
98 -16886.558510040337
99 -9635.07348203429
100 -3.9188697572715306E-11
101 9635.07348203422
102 16886.558510040293
103 19960.53456856543
104 18096.541049320385
105 11755.705045849496
106 2506.6646712860415
107 -7362.491053693546
108 -15410.264855515741
109 -19645.74501457375
110 -19021.130325903083
111 -13690.942118573743
112 -4973.797743297111
113 4973.797743297026
114 13690.94211857368
115 19021.1303259031
116 19645.745014573764
117 15410.264855515796
118 7362.491053693629
119 -2506.6646712859542
120 -11755.70504584931
121 -18096.541049320407
122 -19960.534568565432
123 -16886.558510040344
124 -9635.073482034422
125 -1.9109441911791416E-10
126 9635.073482034337
127 16886.55851004029
128 19960.534568565436
129 18096.541049320385
130 11755.705045849503
131 2506.6646712861925
132 -7362.4910536936695
133 -15410.264855515825
134 -19645.745014573775
135 -19021.13032590309
136 -13690.942118573646
137 -4973.797743296983
138 4973.797743297154
139 13690.942118573774
140 19021.130325903054
141 19645.745014573793
142 15410.264855515712
143 7362.491053693505
144 -2506.664671286085
145 -11755.705045849416
146 -18096.54104932034
147 -19960.534568565425
148 -16886.55851004027
149 -9635.073482034306
150 -5.878304635907296E-11
151 9635.073482034204
152 16886.55851004021
153 19960.534568565436
154 18096.541049320393
155 11755.705045849512
156 2506.6646712862016
157 -7362.491053693397
158 -15410.264855515818
159 -19645.74501457377
160 -19021.13032590309
161 -13690.942118573861
162 -4973.7977432972675
163 4973.797743296869
164 13690.942118573561
165 19021.130325902963
166 19645.745014573742
167 15410.26485551572
168 7362.491053693515
169 -2506.6646712860756
170 -11755.705045849409
171 -18096.541049320338
172 -19960.534568565443
173 -16886.55851004043
174 -9635.073482034564
175 -3.527973150562919E-10
176 9635.073482034195
177 16886.55851004036
178 19960.534568565432
179 18096.541049320396
180 11755.70504584952
181 2506.6646712862116
182 -7362.491053693388
183 -15410.26485551563
184 -19645.745014573717
185 -19021.130325903094
186 -13690.942118573868
187 -4973.797743297002
188 4973.797743297135
189 13690.942118573761
190 19021.13032590305
191 19645.7450145738
192 15410.264855515905
193 7362.491053693788
194 -2506.6646712860656
195 -11755.705045849401
196 -18096.541049320334
197 -19960.534568565443
198 -16886.558510040282
199 -9635.073482034324
200 -7.837739514543061E-11
201 9635.073482034186
202 16886.5585100402
203 19960.534568565432
204 18096.5410493204
205 11755.705045849527
206 2506.664671286221
207 -7362.4910536933785
208 -15410.264855515805
209 -19645.74501457377
210 -19021.130325903097
211 -13690.942118573874
212 -4973.797743297011
213 4973.797743297125
214 13690.942118573754
215 19021.130325903046
216 19645.7450145738
217 15410.264855515912
218 7362.491053693797
219 -2506.664671286056
220 -11755.705045849392
221 -18096.54104932045
222 -19960.53456856543
223 -16886.55851004029
224 -9635.073482034333
225 -8.817456953860944E-11
226 9635.073482034177
227 16886.55851004019
228 19960.534568565417
229 18096.541049320524
230 11755.705045849305
231 2506.664671285949
232 -7362.491053693633
233 -15410.264855515798
234 -19645.745014573768
235 -19021.1303259031
236 -13690.942118573881
237 -4973.797743297296
238 4973.79774329684
239 13690.94211857354
240 19021.130325902956
241 19645.74501457375
242 15410.264855515736
243 7362.491053693541
244 -2506.664671286046
245 -11755.705045849385
246 -18096.541049320324
247 -19960.534568565443
248 -16886.558510040446
249 -9635.073482034592
250 -3.8218883823582833E-10
251 9635.073482034419
252 16886.55851004034
253 19960.534568565432
254 18096.54104932041
255 11755.705045849314
256 2506.664671285959
257 -7362.491053693624
258 -15410.264855515792
259 -19645.745014573764
260 -19021.130325903105
261 -13690.94211857389
262 -4973.797743297305
263 4973.797743297381
264 13690.942118573948
265 19021.130325903127
266 19645.74501457375
267 15410.264855515743
268 7362.49105369355
269 -2506.664671286037
270 -11755.705045849376
271 -18096.54104932032
272 -19960.53456856541
273 -16886.558510040148
274 -9635.0734820341
275 1.7644817597907298E-10
276 9635.07348203441
277 16886.558510040333
278 19960.534568565432
279 18096.541049320414
280 11755.705045849552
281 2506.6646712862507
282 -7362.491053693351
283 -15410.264855515967
284 -19645.745014573815
285 -19021.130325903017
286 -13690.94211857369
287 -4973.797743297039
288 4973.7977432970965
289 13690.942118573732
290 19021.130325903036
291 19645.745014573804
292 15410.264855515929
293 7362.491053693825
294 -2506.664671286309
295 -11755.705045849598
296 -18096.54104932044
297 -19960.53456856543
298 -16886.558510040304
299 -9635.073482034359
300 -1.175660927181459E-10
301 9635.073482034151
302 16886.558510040177
303 19960.534568565414
304 18096.541049320538
305 11755.70504584933
306 2506.664671285978
307 -7362.491053693606
308 -15410.264855515781
309 -19645.74501457376
310 -19021.13032590311
311 -13690.942118573903
312 -4973.797743297324
313 4973.797743296812
314 13690.942118573517
315 19021.130325903123
316 19645.745014573753
317 15410.264855515754
318 7362.4910536935695
319 -2506.6646712860174
320 -11755.705045849361
321 -18096.541049320313
322 -19960.534568565447
323 -16886.55851004046
324 -9635.073482034617
325 -4.115803614153648E-10
326 9635.073482033895
327 16886.558510040322
328 19960.534568565396
329 18096.54104932042
330 11755.705045850027
331 2506.66467128627
332 -7362.491053693861
333 -15410.264855515592
334 -19645.74501457381
335 -19021.1303259032
336 -13690.942118573703
337 -4973.797743297609
338 4973.797743297077
339 13690.942118573304
340 19021.130325903032
341 19645.745014573917
342 15410.264855515943
343 7362.491053693314
344 -2506.6646712857255
345 -11755.705045849583
346 -18096.54104932019
347 -19960.53456856543
348 -16886.55851004062
349 -9635.073482034375
350 -7.055946301125838E-10
351 9635.073482034135
352 16886.558510040166
353 19960.53456856541
354 18096.541049320305
355 11755.705045849805
356 2506.664671285998
357 -7362.491053693058
358 -15410.264855515767
359 -19645.74501457365
360 -19021.130325903116
361 -13690.94211857392
362 -4973.797743297344
363 4973.797743297344
364 13690.942118573503
365 19021.130325903116
366 19645.745014573866
367 15410.264855515767
368 7362.491053694116
369 -2506.664671285998
370 -11755.705045849345
371 -18096.541049320305
372 -19960.534568565447
373 -16886.55851004047
374 -9635.073482034135
375 -4.3117471020172243E-10
376 9635.073482034375
377 16886.55851004001
378 19960.53456856543
379 18096.54104932043
380 11755.705045849583
381 2506.6646712862894
382 -7362.491053693314
383 -15410.264855515581
384 -19645.745014573702
385 -19021.130325903032
386 -13690.942118574132
387 -4973.797743297077
388 4973.797743297058
389 13690.942118573703
390 19021.130325903025
391 19645.74501457381
392 15410.264855515956
393 7362.4910536938605
394 -2506.664671285706
395 -11755.705045849107
396 -18096.54104932042
397 -19960.534568565432
398 -16886.558510040322
399 -9635.073482034393
400 -1.5675479029086122E-10
401 9635.073482034119
402 16886.55851004016
403 19960.53456856541
404 18096.541049320556
405 11755.70504584982
406 2506.6646712860174
407 -7362.4910536935695
408 -15410.264855515754
409 -19645.745014573753
410 -19021.130325903123
411 -13690.942118573932
412 -4973.797743297362
413 4973.797743296774
414 13690.94211857349
415 19021.13032590311
416 19645.74501457376
417 15410.264855515781
418 7362.491053693606
419 -2506.664671285979
420 -11755.70504584933
421 -18096.541049320294
422 -19960.53456856545
423 -16886.558510040482
424 -9635.073482034151
425 -4.507690589880801E-10
426 9635.073482034359
427 16886.558510040304
428 19960.53456856543
429 18096.54104932044
430 11755.705045849598
431 2506.664671286309
432 -7362.491053693297
433 -15410.264855515929
434 -19645.7450145737
435 -19021.130325903036
436 -13690.942118574147
437 -4973.7977432970965
438 4973.79774329704
439 13690.94211857369
440 19021.130325903017
441 19645.745014573815
442 15410.264855515605
443 7362.49105369388
444 -2506.6646712862507
445 -11755.705045849092
446 -18096.541049320414
447 -19960.53456856547
448 -16886.558510040333
449 -9635.07348203441
450 -1.7634913907721888E-10
451 9635.073482034599
452 16886.558510040148
453 19960.534568565443
454 18096.541049320564
455 11755.705045849376
456 2506.6646712866004
457 -7362.491053693551
458 -15410.264855515381
459 -19645.74501457375
460 -19021.130325902952
461 -13690.942118573948
462 -4973.797743296831
463 4973.7977432967555
464 13690.94211857389
465 19021.130325902926
466 19645.745014573764
467 15410.264855516156
468 7362.491053693624
469 -2506.6646712853953
470 -11755.705045849314
471 -18096.54104932053
472 -19960.53456856545
473 -16886.558510040188
474 -9635.073482034668
475 9.80707808336424E-11
476 9635.073482033844
477 16886.558510040293
478 19960.534568565392
479 18096.541049320447
480 11755.705045850076
481 2506.6646712863285
482 -7362.491053693806
483 -15410.264855515554
484 -19645.7450145738
485 -19021.130325903217
486 -13690.942118573746
487 -4973.797743297666
488 4973.79774329702
489 13690.94211857326
490 19021.130325903014
491 19645.745014573713
492 15410.264855515981
493 7362.4910536933685
494 -2506.6646712856673
495 -11755.705045849536
496 -18096.541049320163
497 -19960.534568565432
498 -16886.55851004065
499 -9635.073482034428
500 -7.643776764716567E-10
501 9635.073482034084
502 16886.55851004044
503 19960.53456856541
504 18096.54104932033
505 11755.705045849854
506 2506.664671286056
507 -7362.491053693005
508 -15410.26485551573
509 -19645.74501457364
510 -19021.13032590296
511 -13690.942118573961
512 -4973.797743296849
513 4973.7977432967355
514 13690.942118573877
515 19021.130325902923
516 19645.74501457377
517 15410.264855515443
518 7362.491053693643
519 -2506.6646712865036
520 -11755.705045849298
521 -18096.54104932052
522 -19960.53456856545
523 -16886.5585100402
524 -9635.073482034684
525 7.847643204728474E-11
526 9635.073482034823
527 16886.558510040282
528 19960.53456856546
529 18096.541049320454
530 11755.70504584917
531 2506.6646712863476
532 -7362.491053693788
533 -15410.264855515543
534 -19645.7450145738
535 -19021.130325902872
536 -13690.942118573761
537 -4973.7977432965845
538 4973.797743297002
539 13690.942118574076
540 19021.130325903006
541 19645.745014573717
542 15410.264855515994
543 7362.491053693388
544 -2506.6646712867755
545 -11755.70504584952
546 -18096.541049320636
547 -19960.534568565432
548 -16886.55851004005
549 -9635.073482034444
550 3.5289635195814596E-10
551 9635.073482034066
552 16886.55851004043
553 19960.534568565407
554 18096.541049320338
555 11755.705045848948
556 2506.6646712860756
557 -7362.491053694043
558 -15410.26485551572
559 -19645.74501457385
560 -19021.13032590314
561 -13690.942118573561
562 -4973.797743297419
563 4973.7977432972675
564 13690.942118573446
565 19021.13032590309
566 19645.745014573666
567 15410.264855515818
568 7362.491053693132
569 -2506.66467128592
570 -11755.705045849743
571 -18096.541049320273
572 -19960.534568565417
573 -16886.55851004051
574 -9635.073482034204
575 -5.095521053471531E-10
576 9635.073482034306
577 16886.558510040577
578 19960.534568565425
579 18096.54104932022
580 11755.705045849647
581 2506.6646712858033
582 -7362.491053693241
583 -15410.264855515892
584 -19645.745014573688
585 -19021.130325903054
586 -13690.94211857419
587 -4973.797743297154
588 4973.797743297533
589 13690.942118573646
590 19021.130325903174
591 19645.74501457383
592 15410.264855515643
593 7362.491053693933
594 -2506.6646712861925
595 -11755.705045849043
596 -18096.541049320385
597 -19960.534568565472
598 -16886.558510040366
599 -9635.073482033964
600 -2.351321854362918E-10
601 9635.073482034548
602 16886.558510040115
603 19960.534568565443
604 18096.54104932059
605 11755.705045849425
606 2506.664671286659
607 -7362.491053693496
608 -15410.264855515343
609 -19645.74501457374
610 -19021.13032590297
611 -13690.94211857399
612 -4973.797743296887
613 4973.797743296698
614 13690.942118573845
615 19021.13032590291
616 19645.745014573775
617 15410.264855516192
618 7362.491053693679
619 -2506.664671286465
620 -11755.705045849265
621 -18096.541049320505
622 -19960.534568565454
623 -16886.55851004022
624 -9635.073482034719
625 3.928773447456944E-11
626 9635.073482033791
627 16886.55851004026
628 19960.53456856539
629 18096.541049320473
630 11755.705045849203
631 2506.6646712863867
632 -7362.491053693751
633 -15410.26485551552
634 -19645.74501457379
635 -19021.130325903236
636 -13690.94211857379
637 -4973.797743297723
638 4973.797743296964
639 13690.942118573217
640 19021.130325902992
641 19645.745014573724
642 15410.264855516018
643 7362.491053693423
644 -2506.664671285609
645 -11755.705045849487
646 -18096.541049320138
647 -19960.534568565436
648 -16886.558510040682
649 -9635.073482034479
650 -8.231607228307296E-10
651 9635.073482034033
652 16886.5585100398
653 19960.534568565476
654 18096.541049320353
655 11755.7050458499
656 2506.664671287242
657 -7362.491053694007
658 -15410.264855515692
659 -19645.74501457363
660 -19021.130325903505
661 -13690.942118573588
662 -4973.797743297458
663 4973.797743296128
664 13690.942118574247
665 19021.13032590308
666 19645.745014573884
667 15410.264855516567
668 7362.491053693168
669 -2506.6646712858815
670 -11755.70504584879
671 -18096.54104931977
672 -19960.53456856542
673 -16886.558510040533
674 -9635.073482035235
675 5.881275742962919E-10
676 9635.073482034273
677 16886.558510039948
678 19960.534568565352
679 18096.54104932024
680 11755.705045849678
681 2506.66467128697
682 -7362.491053692149
683 -15410.264855515867
684 -19645.74501457368
685 -19021.130325903418
686 -13690.942118573388
687 -4973.797743297191
688 4973.797743296394
689 13690.942118572788
690 19021.130325903163
691 19645.745014573833
692 15410.26485551639
693 7362.491053693971
694 -2506.6646712861534
695 -11755.705045849012
696 -18096.541049319887
697 -19960.534568565403
698 -16886.558510040384
699 -9635.073482034994
700 -1.4111892602251676E-9
701 9635.073482034513
702 16886.558510040093
703 19960.534568565366
704 18096.541049320604
705 11755.705045849456
706 2506.664671286698
707 -7362.491053692403
708 -15410.264855516043
709 -19645.74501457373
710 -19021.130325903334
711 -13690.94211857402
712 -4973.797743296926
713 4973.79774329666
714 13690.942118572988
715 19021.130325903247
716 19645.745014573782
717 15410.264855516218
718 7362.491053694772
719 -2506.6646712864253
720 -11755.705045849234
721 -18096.541049320003
722 -19960.534568565454
723 -16886.55851004024
724 -9635.073482034753
725 -1.1367693403143062E-9
726 9635.073482034753
727 16886.55851004024
728 19960.534568565385
729 18096.54104932049
730 11755.705045849234
731 2506.6646712864253
732 -7362.491053692658
733 -15410.264855515492
734 -19645.745014573782
735 -19021.130325903247
736 -13690.942118574647
737 -4973.79774329666
738 4973.7977432969265
739 13690.94211857319
740 19021.13032590298
741 19645.74501457373
742 15410.264855516043
743 7362.491053694516
744 -2506.66467128557
745 -11755.705045849456
746 -18096.54104932012
747 -19960.53456856544
748 -16886.558510040093
749 -9635.073482034513
750 -8.623494204034449E-10
751 9635.073482033999
752 16886.558510040388
753 19960.534568565403
754 18096.541049320855
755 11755.70504584993
756 2506.6646712861534
757 -7362.491053692914
758 -15410.264855515667
759 -19645.745014573833
760 -19021.130325903163
761 -13690.942118574447
762 -4973.797743297495
763 4973.797743297191
764 13690.942118573388
765 19021.130325903065
766 19645.745014573895
767 15410.264855515867
768 7362.4910536942625
769 -2506.6646712858424
770 -11755.705045849678
771 -18096.54104932024
772 -19960.534568565494
773 -16886.558510040555
774 -9635.073482034271
775 -5.879295004925836E-10
776 9635.073482034239
777 16886.558510039926
778 19960.53456856542
779 18096.54104932074
780 11755.705045849709
781 2506.664671285881
782 -7362.491053693168
783 -15410.264855515843
784 -19645.745014573673
785 -19021.13032590308
786 -13690.942118574245
787 -4973.797743297229
788 4973.797743296356
789 13690.94211857359
790 19021.1303259028
791 19645.745014573844
792 15410.264855515692
793 7362.491053694007
794 -2506.6646712861148
795 -11755.705045848981
796 -18096.541049320353
797 -19960.534568565476
798 -16886.55851004041
799 -9635.073482035028
800 -3.1350958058172244E-10
801 9635.073482034479
802 16886.55851004007
803 19960.534568565436
804 18096.541049320622
805 11755.705045849487
806 2506.664671286737
807 -7362.491053693424
808 -15410.264855515292
809 -19645.745014573724
810 -19021.130325903345
811 -13690.942118574045
812 -4973.797743296964
813 4973.797743296622
814 13690.94211857379
815 19021.130325902883
816 19645.74501457379
817 15410.264855516243
818 7362.491053693751
819 -2506.6646712863867
820 -11755.705045849203
821 -18096.54104931999
822 -19960.534568565457
823 -16886.55851004026
824 -9635.073482034788
825 -3.9089660670861166E-11
826 9635.073482033722
827 16886.55851004022
828 19960.53456856538
829 18096.541049320505
830 11755.705045849265
831 2506.6646712864645
832 -7362.491053693679
833 -15410.264855515468
834 -19645.745014573775
835 -19021.13032590326
836 -13690.942118573845
837 -4973.797743296698
838 4973.797743296887
839 13690.942118573163
840 19021.13032590297
841 19645.74501457374
842 15410.264855516067
843 7362.491053693496
844 -2506.6646712855313
845 -11755.705045849425
846 -18096.541049320105
847 -19960.534568565443
848 -16886.558510040115
849 -9635.073482034548
850 -9.015381179761602E-10
851 9635.073482033964
852 16886.558510040366
853 19960.5345685654
854 18096.541049320385
855 11755.705045849043
856 2506.6646712861925
857 -7362.491053692876
858 -15410.264855515643
859 -19645.74501457383
860 -19021.130325903174
861 -13690.942118574476
862 -4973.797743297533
863 4973.797743297154
864 13690.94211857336
865 19021.130325903054
866 19645.745014573688
867 15410.264855515892
868 7362.491053694298
869 -2506.6646712858033
870 -11755.705045849647
871 -18096.54104932022
872 -19960.534568565494
873 -16886.558510039966
874 -9635.073482034306
875 -6.27118198065299E-10
876 9635.073482034204
877 16886.55851004051
878 19960.534568565417
879 18096.541049320756
880 11755.705045849743
881 2506.6646712859197
882 -7362.491053693132
883 -15410.264855515092
884 -19645.74501457388
885 -19021.13032590309
886 -13690.942118574276
887 -4973.7977432972675
888 4973.797743297419
889 13690.942118573561
890 19021.130325902788
891 19645.745014573637
892 15410.26485551572
893 7362.491053694043
894 -2506.664671284948
895 -11755.705045849869
896 -18096.541049320338
897 -19960.53456856548
898 -16886.55851004043
899 -9635.073482034066
900 -3.5269827815443776E-10
901 9635.073482033447
902 16886.55851004066
903 19960.534568565432
904 18096.541049320636
905 11755.70504585044
906 2506.6646712856477
907 -7362.491053693388
908 -15410.264855515268
909 -19645.74501457393
910 -19021.130325903006
911 -13690.942118574076
912 -4973.797743298102
913 4973.797743297685
914 13690.942118573761
915 19021.130325902872
916 19645.74501457401
917 15410.264855515543
918 7362.491053693788
919 -2506.6646712852203
920 -11755.70504585009
921 -18096.541049320454
922 -19960.53456856546
923 -16886.558510040893
924 -9635.073482033826
925 -7.827835824357647E-11
926 9635.07348203369
927 16886.558510039587
928 19960.53456856545
929 18096.54104932052
930 11755.705045850218
931 2506.6646712853753
932 -7362.491053693643
933 -15410.264855515443
934 -19645.745014573557
935 -19021.130325902923
936 -13690.942118573874
937 -4973.797743297837
938 4973.797743295749
939 13690.942118573961
940 19021.13032590296
941 19645.74501457396
942 15410.264855515368
943 7362.491053693533
944 -2506.664671285492
945 -11755.705045848472
946 -18096.54104932057
947 -19960.534568565443
948 -16886.558510040744
949 -9635.073482035577
950 1.961415616672848E-10
951 9635.07348203393
952 16886.558510039737
953 19960.53456856547
954 18096.541049320404
955 11755.705045849996
956 2506.664671287359
957 -7362.491053693897
958 -15410.26485551562
959 -19645.745014573607
960 -19021.130325903538
961 -13690.942118573674
962 -4973.797743297571
963 4973.797743296014
964 13690.942118574161
965 19021.130325903043
966 19645.74501457391
967 15410.264855516642
968 7362.4910536932775
969 -2506.664671285764
970 -11755.705045848694
971 -18096.541049320687
972 -19960.53456856543
973 -16886.558510040595
974 -9635.073482035337
975 4.705614815781461E-10
976 9635.07348203417
977 16886.558510039886
978 19960.53456856534
979 18096.541049320287
980 11755.705045849774
981 2506.6646712870865
982 -7362.4910536941525
983 -15410.264855515792
984 -19645.74501457366
985 -19021.130325903454
986 -13690.942118573475
987 -4973.797743297305
988 4973.797743296281
989 13690.942118572704
990 19021.130325903127
991 19645.745014573855
992 15410.264855516467
993 7362.491053693022
994 -2506.664671286037
995 -11755.705045848916
996 -18096.541049319836
997 -19960.53456856541
998 -16886.55851004045
999 -9635.073482035097
