0 52.025051626838774
1 52.13954947001276
2 51.87305310317048
3 47.77200454569948
4 20.30576207999398
5 -254.32225966270255
6 3281.0878182156002
7 -4235.515262675532
8 929.7444192873505
9 35.811826912226074
10 -11.98638582425239
11 -17.029360854622254
12 -15.725805237870963
13 -13.439177549298186
14 -11.247766041956556
15 -9.359896575008683
16 -7.778368350164761
17 -6.459965045964053
18 -5.357289410453869
19 -4.429181354543072
20 -3.642255363806787
21 -2.9700402125069525
22 -2.391661444496699
23 -1.890624943671122
24 -1.4538269476379053
25 -1.070784700636267
26 -0.7330489266934048
27 -0.43375731136077533
28 -0.16729468956643823
29 0.07096672967548567
30 0.28486717333574996
31 0.47761405669232904
32 0.6519027066545813
33 0.8100112248124396
34 0.9538755639850662
35 1.0851493588773904
36 1.205251926536858
37 1.315407023144381
38 1.4166743295576678
39 1.5099751793936171
40 1.5961136997317122
41 1.6757942746999013
42 1.749636044352986
43 1.8181850001543793
44 1.881924121719922
45 1.9412819089179296
46 1.9966395938119552
47 2.048337260222461
48 2.096679056558797
49 2.141937652339406
50 2.1843580611063165
51 2.2241609309608577
52 2.261545385569607
53 2.29669148492294
54 2.329762362448564
55 2.360906086720328
56 2.3902572872841885
57 2.4179385782313787
58 2.4440618079003618
59 2.468729158331618
60 2.4920341149007705
61 2.514062323304873
62 2.534892348505737
63 2.554596348425475
64 2.573240672683538
65 2.590886396391469
66 2.607589796115215
67 2.6234027757531635
68 2.638373247543292
69 2.65254547396038
70 2.665960374710841
71 2.6786558028733936
72 2.6906667935705277
73 2.702025788158718
74 2.7127628366573235
75 2.722905780721659
76 2.732480418969316
77 2.741510656864499
78 2.7500186423500317
79 2.758024888911059
80 2.765548387094598
81 2.772606705567335
82 2.7792160832447252
83 2.7853915122034736
84 2.791146813539207
85 2.7964947054439353
86 2.80144686551723
87 2.8060139866039546
88 2.8102058273398276
89 2.814031257784888
90 2.817498300068066
91 2.8206141651336627
92 2.823385285017883
93 2.825817341562567
94 2.8279152915112085
95 2.8296833882245185
96 2.8311252002205047
97 2.8322436265417608
98 2.8330409091571207
99 2.833518642769043
100 2.8336777814350613
101 2.8335186427545795
102 2.8330409091573405
103 2.8322436265271023
104 2.831125200227552
105 2.8296833882407357
106 2.8279152915419976
107 2.8258173415504992
108 2.8233852850081584
109 2.8206141651407073
110 2.8174983000546665
111 2.8140312578012843
112 2.810205827358658
113 2.806013986620867
114 2.801446865523775
115 2.7964947054462312
116 2.7911468134672206
117 2.7853915122469477
118 2.779216083225552
119 2.7726067055826182
120 2.765548387083726
121 2.7580248889284267
122 2.7500186423433
123 2.7415106568689205
124 2.732480418967426
125 2.7229057807082695
126 2.712762836686596
127 2.7020257881664405
128 2.690666793561423
129 2.6786558028670604
130 2.6659603747014904
131 2.6525454739676193
132 2.6383732475147696
133 2.623402775776265
134 2.6075897961138614
135 2.5908863963946973
136 2.5732406726851393
137 2.554596348463356
138 2.534892348513311
139 2.5140623233022565
140 2.4920341148875487
141 2.4687291583046376
142 2.444061807885309
143 2.417938578243011
144 2.3902572872876267
145 2.3609060867281255
146 2.3297623624682204
147 2.296691484876079
148 2.261545385549399
149 2.224160930950441
150 2.184358061097993
151 2.1419376523214395
152 2.0966790565532514
153 2.0483372602319005
154 1.9966395938440413
155 1.9412819089380908
156 1.8819241216729639
157 1.8181850001773892
158 1.7496360443398158
159 1.675794274684842
160 1.5961136997223901
161 1.5099751793753278
162 1.4166743295597177
163 1.3154070231490658
164 1.2052519265195905
165 1.0851493588576142
166 0.953875563947931
167 0.8100112248113871
168 0.6519027067111764
169 0.47761405667763857
170 0.28486717335532274
171 0.07096672971103768
172 -0.16729468953543325
173 -0.4337573113755564
174 -0.7330489266666089
175 -1.0707847006509517
176 -1.4538269476472645
177 -1.8906249436773184
178 -2.3916614444786743
179 -2.9700402125213587
180 -3.6422553638230943
181 -4.429181354535399
182 -5.357289410523279
183 -6.459965045936798
184 -7.77836835019929
185 -9.359896575008484
186 -11.24776604198168
187 -13.439177549276476
188 -15.725805237895683
189 -17.029360854639094
190 -11.986385824269979
191 35.811826912226444
192 929.744419287333
193 -4235.515262675566
194 3281.0878182156716
195 -254.32225966270533
196 20.30576207999475
197 47.77200454575368
198 51.87305310315759
199 52.139549470006244
