0 0.0
1 3.094633749236084
2 5.767657289559669
3 6.2591223159470815
4 -5.836758326061501
5 -153.4121349253899
6 1834.4404818168284
7 -2488.553961018508
8 550.2850488606923
9 10.316238489293005
10 -19.36948757806711
11 -22.530907411925376
12 -21.575559640910765
13 -19.90943593568346
14 -18.254423146027875
15 -16.768816404777592
16 -15.469999778131996
17 -14.339563979732493
18 -13.352526685532014
19 -12.485541553328089
20 -11.718810938312433
21 -11.036094270009974
22 -10.424204885365889
23 -9.87244110778219
24 -9.37208336965867
25 -8.915984061729326
26 -8.498243480102193
27 -8.11395686096882
28 -7.7590174418185525
29 -7.429962824630609
30 -7.123854571490465
31 -6.8381832878772695
32 -6.570793309409845
33 -6.319822536798362
34 -6.083654045380835
35 -5.860876903495133
36 -5.650254241129132
37 -5.4506970637109085
38 -5.261242648483004
39 -5.081036618836324
40 -4.909317988973305
41 -4.745406621603127
42 -4.588692656847646
43 -4.4386275605509615
44 -4.294716509720052
45 -4.156511887261213
46 -4.02360770251503
47 -3.895634785871897
48 -3.7722566361055563
49 -3.653165817907615
50 -3.538080826854006
51 -3.426743351774473
52 -3.318915877103268
53 -3.214379576562823
54 -3.1129324575250523
55 -3.014387721712522
56 -2.918572313233696
57 -2.825325629305892
58 -2.7344983725498357
59 -2.645951526982878
60 -2.5595554422418925
61 -2.4751890128226535
62 -2.3927389409354856
63 -2.3120990729279387
64 -2.233169800975703
65 -2.155857522308751
66 -2.080074149684
67 -2.00573666739844
68 -1.9327667275954665
69 -1.8610902830346823
70 -1.7906372519563196
71 -1.7213412119599312
72 -1.6531391198574683
73 -1.5859710547407269
74 -1.5197799820376492
75 -1.454511536361299
76 -1.390113821574242
77 -1.3265372257440249
78 -1.263734250498307
79 -1.20165935234852
80 -1.1402687956809707
81 -1.0795205159264234
82 -1.0193739918245495
83 -0.9597901262824227
84 -0.9007311346624167
85 -0.8421604400975247
86 -0.7840425747292157
87 -0.7263430870059449
88 -0.6690284534988826
89 -0.6120659956870296
90 -0.5554238006862742
91 -0.4990706455236267
92 -0.44297592482316395
93 -0.38710958133885587
94 -0.3314420388759882
95 -0.2759441375976689
96 -0.22058707114517195
97 -0.16534232536387106
98 -0.1101816182075514
99 -0.05507684096261106
100 -3.624260695937006E-11
101 0.055076840984023684
102 0.11018161819829753
103 0.1653423253526891
104 0.2205870711684932
105 0.275944137601306
106 0.3314420388633692
107 0.38710958134685036
108 0.4429759248431635
109 0.4990706455200842
110 0.5554238006902052
111 0.6120659956800911
112 0.6690284534953705
113 0.7263430870072416
114 0.7840425747447628
115 0.84216044008534
116 0.9007311346619282
117 0.9597901262814115
118 1.0193739918159541
119 1.0795205159216161
120 1.1402687957409587
121 1.201659352328861
122 1.2637342505011602
123 1.326537225756375
124 1.390113821566997
125 1.4545115363843069
126 1.5197799820227482
127 1.5859710547276702
128 1.6531391198740586
129 1.7213412119639488
130 1.7906372519492226
131 1.8610902830360994
132 1.9327667276085645
133 2.005736667398963
134 2.08007414968862
135 2.1558575223089314
136 2.2331698009587964
137 2.3120990729290503
138 2.392738940928054
139 2.4751890128286105
140 2.5595554422392217
141 2.6459515269864733
142 2.7344983725461045
143 2.8253256292965734
144 2.9185723132538564
145 3.0143877217152886
146 3.1129324575415094
147 3.214379576576371
148 3.3189158771097973
149 3.4267433517740136
150 3.538080826861594
151 3.653165817930252
152 3.7722566360701313
153 3.8956347858888707
154 4.023607702495406
155 4.156511887300757
156 4.294716509646652
157 4.438627560583461
158 4.588692656831773
159 4.7454066216144195
160 4.909317988980096
161 5.0810366188352845
162 5.261242648474829
163 5.450697063685184
164 5.650254241157551
165 5.860876903489986
166 6.0836540453561225
167 6.319822536772724
168 6.570793309408909
169 6.838183287948679
170 7.12385457144207
171 7.429962824632972
172 7.759017441840911
173 8.11395686098875
174 8.498243480092441
175 8.915984061741682
176 9.372083369674396
177 9.872441107761619
178 10.42420488536027
179 11.036094269994855
180 11.718810938315388
181 12.485541553326964
182 13.352526685524296
183 14.339563979724348
184 15.469999778127637
185 16.768816404744506
186 18.254423145983615
187 19.90943593569857
188 21.57555964092535
189 22.530907411963376
190 19.369487578085735
191 -10.316238489299096
192 -550.2850488606558
193 2488.5539610183746
194 -1834.4404818167764
195 153.41213492542323
196 5.836758326063004
197 -6.259122315971044
198 -5.767657289569308
199 -3.0946337492174156
