0 -4.473577064345591E-13
1 1.668060297127745
2 3.2911846907211566
3 4.823486276493135
4 6.217427178035965
5 7.423596261952399
6 8.391144332650272
7 9.068990875056079
8 9.407836955630096
9 9.362931968306054
10 8.897454488574688
11 7.986286747497857
12 6.619895022224991
13 4.807980617246633
14 2.5825428780876236
15 -2.529532139305957E-13
16 -2.8579534711741177
17 -5.8850123885927665
18 -8.952623608296296
19 -11.914112309886704
20 -14.610518196024762
21 -16.877960802714377
22 -18.556228530262977
23 -19.49817249219731
24 -19.579392361663025
25 -18.70763466543116
26 -16.831290599634283
27 -13.946384693982925
28 -10.101489563289327
29 -5.400085119771961
30 3.132250014914462E-13
31 5.890276846090459
32 12.018453095390655
33 18.09831015129834
34 23.822262049014938
35 28.876076372655447
36 32.955075977997666
37 35.78100972368533
38 37.11869006726164
39 36.7914527073535
40 34.6945033576543
41 30.805281219875027
42 25.19008664204369
43 18.00638747755407
44 9.500427422491665
45 2.4149571231646403E-13
46 -10.097488457540669
47 -20.341278437896634
48 -30.247195479003587
49 -39.32039158470268
50 -47.07982119255936
51 -53.08324033984309
52 -56.95143535632236
53 -58.39037235302508
54 -57.210014300213295
55 -53.3386780947661
56 -46.83199529623253
57 -37.87578897213299
58 -26.782473718751053
59 -13.980911917414824
60 2.1709212205678343E-12
61 14.55340400514305
62 29.02128436295515
63 42.724798748334045
64 54.99671049925671
65 65.2143424711937
66 72.83139798971655
67 77.40700396923455
68 78.63042704067503
69 76.34009259225763
70 70.5357915357078
71 61.38327871263316
72 49.21083483157503
73 34.497762438297706
74 17.855195444146858
75 1.596518472979369E-12
76 -18.277088987586893
77 -36.14763634227617
78 -52.78427446596201
79 -67.40020139511354
80 -79.28746903813393
81 -87.85214849572247
82 -92.6445842122001
83 -93.38316646300272
84 -89.97035242486895
85 -82.50003541795614
86 -71.2557817222021
87 -56.699903687765264
88 -39.45379395675074
89 -20.270385182201576
90 6.301448252088449E-13
91 20.448803660642255
92 40.151524453335654
93 58.2111087590197
94 73.80033403073882
95 86.2011135882352
96 94.83879265104248
97 99.3097435298529
98 99.40089192967237
99 95.10020009539856
100 86.5975762496499
101 74.27615101225973
102 58.69433637172934
103 40.559537204488485
104 20.694796247527012
105 -3.4015812389043277E-12
106 -20.5904622466483
107 -40.151524453335504
108 -57.81062705745977
109 -72.7881699179202
110 -84.43329205412581
111 -92.25327610362528
112 -95.9351999098768
113 -95.35884886070326
114 -90.60034028558394
115 -81.92637288360199
116 -69.77947621552964
117 -54.7550743310006
118 -37.571571566896054
119 -19.034997906921404
120 1.7765344750841905E-12
121 18.670879730317775
122 36.14763634227289
123 51.67099223466691
124 64.58652896619189
125 74.37317633918387
126 80.66477983502317
127 83.26383239197149
128 82.146861010559
129 77.4613814778669
130 69.51475372851255
131 58.75566465906296
132 45.749314891063406
133 31.147674003908783
134 15.656381613637617
135 -1.7757173509380664E-12
136 -15.112636992793988
137 -29.021284362952994
138 -41.14379624941466
139 -51.0009374452997
140 -58.23542120662498
141 -62.624419477192426
142 -64.08514213349554
143 -62.6734428191282
144 -58.575761347092
145 -52.0950383977798
146 -43.63152110973088
147 -33.65960463539205
148 -22.7020146642006
149 -11.302722974141197
150 -1.6024381821466704E-12
151 10.699052978971721
152 20.341278437896914
153 28.546517885510944
154 35.02215568299145
155 39.57262558121712
156 42.10363741992779
157 42.62116583230009
158 41.22551300342062
159 38.10099952464328
160 33.50203919617884
161 27.73650593360938
162 21.147397483821507
163 14.093838532137731
164 6.932445441655034
165 4.809841414044058E-13
166 -6.401743238411423
167 -12.018453095392447
168 -16.65234816010095
169 -20.167785876193715
170 -22.493256045033768
171 -23.61992123651243
172 -23.59702780105161
173 -22.5246633694712
174 -20.54445259374604
175 -17.828857576116153
176 -14.569780777404986
177 -10.967156700176385
178 -7.2181673762177185
179 -3.5076309870170816
180 -1.5365486660812167E-13
181 3.166726460720463
182 5.885012388590821
183 8.079694294661994
184 9.707899839121048
185 10.75720047290458
186 11.242314588809755
187 11.200741289389649
188 10.687737787821607
189 9.771055251754978
190 8.525820284630917
191 7.029895857570848
192 5.359981629722575
193 3.5886257219725377
194 1.7822253758662856
195 -1.5000267694631476E-12
196 -1.7061659568203562
197 -3.2911846907211872
198 -4.715758112154882
199 -5.945158603821401
